9.999931010860413361e-01 -2.703794667853480233e-03 -2.547012900477204928e-03 0.000000000000000000e+00 2.697211210507608013e-03 9.999930222309477701e-01 -2.584674273910082896e-03 0.000000000000000000e+00 2.553983556529349202e-03 2.577786610716180198e-03 9.999934160704174735e-01 0.000000000000000000e+00
9.999784048523677749e-01 -8.054560241622212360e-04 -6.522351531890386786e-03 -3.116643629013854042e-02 7.765998326021311161e-04 9.999899057582043449e-01 -4.425525324589276062e-03 -3.802918386035657183e-03 6.525850259729701862e-03 4.420364497608702051e-03 9.999689363455730451e-01 8.587535101667078674e-01
9.999595747448699612e-01 -1.044128151675890017e-03 -8.930771101071885779e-03 -8.664409828058983187e-02 9.925955166589376169e-04 9.999828450766190535e-01 -5.772720901939660393e-03 -8.647300726755390368e-03 8.936645354783338130e-03 5.763622894869186927e-03 9.999434569119043381e-01 1.717387021383358414e+00
9.998958395966029977e-01 4.626336333360830141e-04 -1.442553040699493840e-02 -1.043622216189225987e-01 -5.522276712610032405e-04 9.999805812267137384e-01 -6.207432165062377535e-03 -1.499220383689993732e-02 1.442237851399416626e-02 6.214751773487397525e-03 9.998766783250792045e-01 2.576611292101171458e+00
9.998429498660333925e-01 -6.211928404944907492e-04 -1.771128800064599926e-02 -1.461140752734458592e-01 5.090042289293818202e-04 9.999797844691072912e-01 -6.338104433787113655e-03 -3.337137852845740993e-02 1.771486714265279802e-02 6.328093913144578961e-03 9.998230536997760876e-01 3.435836438442983365e+00
9.997701582180574809e-01 1.709157314631758575e-03 -2.137076315700147527e-02 -1.819648524353024710e-01 -1.877467101590227184e-03 9.999673619905062871e-01 -7.858121342335861945e-03 -4.121968240232128100e-02 2.135663489225910275e-02 7.896438122486902980e-03 9.997407365967724280e-01 4.294450495540218959e+00
9.996426221446629290e-01 4.456825721338928022e-03 -2.635838948477381774e-02 -2.083416897760961561e-01 -4.687170985166394695e-03 9.999513110933855309e-01 -8.683655380989262901e-03 -5.002640398848066938e-02 2.631840458495218055e-02 8.804098313261296896e-03 9.996148405425930861e-01 5.154539300005020586e+00
9.995222826108334235e-01 4.539556939225611494e-03 -3.057121173953103455e-02 -2.398401934310016304e-01 -4.772265357671620981e-03 9.999601608523236429e-01 -7.543354131401523721e-03 -5.450690619609852017e-02 3.053575032291937566e-02 7.685644474686751000e-03 9.995041264653317103e-01 6.013396081101130441e+00
9.993907220119209178e-01 3.766162693234376569e-03 -3.469871431419187247e-02 -2.692672008942663120e-01 -3.931383124260569815e-03 9.999812524183149254e-01 -4.694575447195896943e-03 -6.502587522228074624e-02 3.468038326230081514e-02 4.828129085600761303e-03 9.993867920811809746e-01 6.873134792338790433e+00
9.992376777088289863e-01 3.362296811232377575e-03 -3.889419503239192194e-02 -2.960067861628531971e-01 -3.437692218355414917e-03 9.999923393670689942e-01 -1.871758368475440323e-03 -8.297926502846145191e-02 3.888760367104661386e-02 2.004037756949395704e-03 9.992415814573538668e-01 7.733129847021562142e+00
9.991313646457032904e-01 5.314727928963487724e-03 -4.133122122867141646e-02 -3.430195485652348109e-01 -5.414426143565615954e-03 9.999826954418155056e-01 -2.300610018855962172e-03 -9.345935759624496297e-02 4.131827889382765073e-02 2.522396472423051299e-03 9.991428513207152307e-01 8.590912399453312531e+00
9.990161125366103789e-01 5.175624693461949519e-03 -4.404565587283609113e-02 -3.736987873907147151e-01 -5.293937310764401487e-03 9.999826847321580114e-01 -2.569915099143743002e-03 -9.994309060978173731e-02 4.403159229445983286e-02 2.800561532897921559e-03 9.990262137377156071e-01 9.450773180496888415e+00
9.989857147834737550e-01 2.246470140720959602e-03 -4.497215839223749761e-02 -4.220487675486424561e-01 -2.403518572887731932e-03 9.999912003602230426e-01 -3.438357251856777146e-03 -1.076342912746847819e-01 4.496403848654392105e-02 3.542961194885573244e-03 9.989823235017489811e-01 1.030973615589449643e+01
9.988763135645132296e-01 1.381524496561924251e-03 -4.737300486385402631e-02 -4.511879602261638644e-01 -1.494843375483633158e-03 9.999961056685939820e-01 -2.356711889681751496e-03 -1.199936469871080158e-01 4.736956452246614963e-02 2.424878906996344886e-03 9.988744887718573606e-01 1.116874577266644231e+01
9.988068025622591772e-01 6.420879316074137779e-04 -4.883194526579486688e-02 -4.977864961500579333e-01 -7.552496081680752996e-04 9.999970722000451895e-01 -2.298953972815264823e-03 -1.405537200809544029e-01 4.883032616502615275e-02 2.333091174353377900e-03 9.988043631924073962e-01 1.202309990704008591e+01
9.986934557041391436e-01 3.183808916080261772e-03 -5.100240087003679590e-02 -5.447557190667601246e-01 -3.401206512382677887e-03 9.999854951638285083e-01 -4.176273005356591350e-03 -1.566700621779920088e-01 5.098836463333707852e-02 4.344286217669692321e-03 9.986897986107987624e-01 1.288533822210854929e+01
9.986549588907394082e-01 4.397342432847224473e-03 -5.166175047810060705e-02 -6.110712473699584368e-01 -4.770434793537388189e-03 9.999634105291644870e-01 -7.100743254392016639e-03 -1.651514390574141677e-01 5.162863580237055799e-02 7.337641474784246422e-03 9.986393958695877204e-01 1.375349211205243982e+01
9.985023918690378864e-01 8.273964900362978589e-03 -5.407878453363849230e-02 -6.576491408836907526e-01 -8.751481184195400442e-03 9.999247300753582035e-01 -8.599172100093746204e-03 -1.749686959418504106e-01 5.400356477947325373e-02 9.059563375347318842e-03 9.984996441173920045e-01 1.463382083131286393e+01
9.984072470765223972e-01 9.396091457816991427e-03 -5.562987012742814236e-02 -7.092434290432837463e-01 -9.875038736833052083e-03 9.999164529163770965e-01 -8.340911046102515367e-03 -1.889227469026051875e-01 5.554685045098568807e-02 8.876973158082650944e-03 9.984166198298821682e-01 1.552414022296627216e+01
9.983366611677988445e-01 8.846024520870139629e-03 -5.697068385148394698e-02 -7.665239377468746618e-01 -9.256744894156392067e-03 9.999330065461066175e-01 -6.949467147244809198e-03 -2.045944272675395137e-01 5.690539203181024103e-02 7.465270915534440339e-03 9.983516645390364541e-01 1.642390384022830219e+01
9.983340249942038724e-01 9.704872464701589513e-03 -5.687697239933064280e-02 -8.449443155067305478e-01 -1.004172768479157443e-02 9.999336764902991836e-01 -5.639709717757417431e-03 -2.169301117819322777e-01 5.681846745535086562e-02 6.201457170697089773e-03 9.983652656643190459e-01 1.732658497439113177e+01
9.983170726556852559e-01 8.458827830902447900e-03 -5.737134019620584308e-02 -9.095792126868681438e-01 -8.785448154170573398e-03 9.999465920129025909e-01 -5.443254772139117202e-03 -2.316439243902774225e-01 5.732223255345130636e-02 5.938127104669971117e-03 9.983380691437033772e-01 1.823722090251501271e+01
9.982069073936533643e-01 8.802908316323219268e-03 -5.920708434613695947e-02 -9.621075213901103540e-01 -9.196896157107255568e-03 9.999373212360976870e-01 -6.385193830663025288e-03 -2.447417830872125055e-01 5.914716504340229719e-02 6.918265993311683605e-03 9.982253004522448903e-01 1.915071829172567419e+01
9.982147792372774164e-01 7.227656408583941691e-03 -5.928756610884400313e-02 -1.033089485783070582e+00 -7.665683900580640836e-03 9.999449551655723578e-01 -7.164072114385243092e-03 -2.538887521424282312e-01 5.923252318285449070e-02 7.605762405126156867e-03 9.982152375994015614e-01 2.006643301632817256e+01
9.982362057317615278e-01 7.230490463727421921e-03 -5.892535595062941417e-02 -1.112805194917944496e+00 -7.577838967349217157e-03 9.999551934779267182e-01 -5.673393438628020723e-03 -2.637467460164828470e-01 5.888169429321205017e-02 6.109913598287099352e-03 9.982462697315639399e-01 2.099164924656270514e+01
9.982486099332353868e-01 9.626350214196119706e-03 -5.836990789708978306e-02 -1.178540899462354963e+00 -9.812432791451098507e-03 9.999476453275545351e-01 -2.902200302375377520e-03 -2.741673107326393355e-01 5.833891436317840962e-02 3.469868215877411951e-03 9.982908048687467728e-01 2.192542739006318442e+01
9.983123370040575262e-01 1.155567359163173213e-02 -5.691172281119772497e-02 -1.251243017745777619e+00 -1.150177344546944418e-02 9.999330401083461606e-01 1.274561607979909049e-03 -2.965475285612265144e-01 5.692264042631835219e-02 -6.178248353523146637e-04 9.983784008577955005e-01 2.285966874491877476e+01
9.984170286535508643e-01 1.057691315131926296e-02 -5.524097937946211706e-02 -1.309047025267436881e+00 -1.036751749912872070e-02 9.999379493185430734e-01 4.075793607982770329e-03 -3.041307900670955355e-01 5.528066095406129060e-02 -3.496629923101691670e-03 9.984647325287272501e-01 2.380187505965869121e+01
9.985077006199114535e-01 1.101787046039162318e-02 -5.348811394368926941e-02 -1.359261197982119640e+00 -1.078797060696603041e-02 9.999312964782555158e-01 4.584976935747013885e-03 -3.124449468305327549e-01 5.353495580383148961e-02 -4.001106576461467036e-03 9.985579600870674311e-01 2.474738700824784132e+01
9.985951640675563290e-01 1.017179034102870354e-02 -5.200224016468194682e-02 -1.412181643523599650e+00 -1.009756353506488166e-02 9.999475903333809867e-01 1.689910388964666011e-03 -3.147042442819007468e-01 5.201670415878281717e-02 -1.162440418099002729e-03 9.986455383271544139e-01 2.569533654561010394e+01
9.985900287064853886e-01 1.267558302240139045e-02 -5.154885219887185566e-02 -1.436991880321504933e+00 -1.287088279840649212e-02 9.999111858834062172e-01 -3.458427566185906347e-03 -3.337969117439278932e-01 5.150043634735997078e-02 4.117030517640984585e-03 9.986644857587296809e-01 2.664812665674716641e+01
9.986804236705499882e-01 1.183526487802538836e-02 -4.997337173411914996e-02 -1.492915492554021561e+00 -1.216363678415857165e-02 9.999063500392922910e-01 -6.271928832730123970e-03 -3.502200498087941760e-01 4.989446179078812355e-02 6.871510486556066215e-03 9.987308571513350275e-01 2.760639074076366128e+01
9.987912257984310482e-01 9.271291961465824571e-03 -4.827142439820677339e-02 -1.567290640318716344e+00 -9.540009355702693331e-03 9.999402378055299856e-01 -5.339385630637637041e-03 -3.632657133846028397e-01 4.821903658887783523e-02 5.793441359407094232e-03 9.988199840550125996e-01 2.857331638432435383e+01
9.988088324495416614e-01 7.863071645261583004e-03 -4.815691357514326199e-02 -1.619408606702941400e+00 -7.924752660798398823e-03 9.999680045438109621e-01 -1.090038501084075913e-03 -3.711078983858068225e-01 4.814680172189442914e-02 1.470371711583302746e-03 9.988391880032453374e-01 2.954892409731071012e+01
9.988092090113962485e-01 4.306353936256973602e-03 -4.859649483043104040e-02 -1.662167582873026017e+00 -4.192523435263652461e-03 9.999882246167082211e-01 2.444048929100326936e-03 -3.866825872883162263e-01 4.860644752780379774e-02 -2.237396634211629830e-03 9.988155021399237610e-01 3.052869758634935948e+01
9.987642744491876945e-01 -2.751016262314587811e-03 -4.962213209357336369e-02 -1.701153259560678421e+00 2.836629959461275854e-03 9.999946072846256362e-01 1.654971945125538468e-03 -3.942715788082870043e-01 4.961731164080383782e-02 -1.793686480556106475e-03 9.987666920128789316e-01 3.150851111375695623e+01
9.986835103627360599e-01 -5.060634567884523746e-03 -5.104543179691607008e-02 -1.766704429337015769e+00 4.937141631399974764e-03 9.999845734883037185e-01 -2.545077194404835302e-03 -3.934560373150417512e-01 5.105752404959320451e-02 2.289708100234976243e-03 9.986930892294894058e-01 3.248688768623455303e+01
9.986469709768948100e-01 -4.125900869339910008e-03 -5.183825132746738840e-02 -1.834732289935117278e+00 3.794287868411322807e-03 9.999717162135604021e-01 -6.493854978135019454e-03 -4.067446139524720228e-01 5.186357814733702498e-02 6.288379355746488882e-03 9.986343803148542975e-01 3.347027866477940705e+01
9.985043786273559707e-01 -2.723343237910519007e-03 -5.460393084391143570e-02 -1.884869735917717781e+00 2.306864128995538259e-03 9.999677794453935009e-01 -7.688852251020401006e-03 -4.116690996978596973e-01 5.462311085876098149e-02 7.551388789896889241e-03 9.984784886453264008e-01 3.448237805601303307e+01
9.984812137073135752e-01 -1.985622420100506720e-03 -5.505745342071964588e-02 -1.950295408036347489e+00 1.624454132339308784e-03 9.999768750808680773e-01 -6.603821035771186530e-03 -4.303821712499678043e-01 5.506929291666857323e-02 6.504352935177526267e-03 9.984613494625379504e-01 3.554064074987921629e+01
9.984013263280553385e-01 7.043155062535135652e-04 -5.651809910150908112e-02 -2.016651237224132309e+00 -9.244557884573028359e-04 9.999920881182339238e-01 -3.868989845983042929e-03 -4.410961628438231918e-01 5.651492694744922329e-02 3.915053077646426551e-03 9.983940782033531303e-01 3.658310990712173805e+01
9.983382747056426254e-01 1.266181373682466168e-03 -5.761150963557783861e-02 -2.068880545406729610e+00 -1.396719489708084455e-03 9.999965478816545961e-01 -2.225623382248431183e-03 -4.772187913734082243e-01 5.760849271095703356e-02 2.302392125918130850e-03 9.983365968239719113e-01 3.762772275009126588e+01
9.982927310570182122e-01 1.114586096885262275e-03 -5.839846587499882696e-02 -2.144296313879102023e+00 -1.082464997371396622e-03 9.999992449676599060e-01 5.816645407571070271e-04 -4.850746758015329063e-01 5.839907009747863365e-02 -5.174571877413955932e-04 9.982931838141579917e-01 3.866000442039330665e+01
9.982644019328923424e-01 7.564628896989352477e-04 -5.888642965457484973e-02 -2.215576546561472071e+00 -5.662099807679777091e-04 9.999945666798328858e-01 3.247463174342662615e-03 -4.854155751298074861e-01 5.888856629112611263e-02 -3.208484799331942378e-03 9.982594063596235134e-01 3.969543135318257754e+01
9.982597788204140565e-01 5.738577660843636671e-03 -5.868971558843035646e-02 -2.317501387322352890e+00 -5.430526167932578190e-03 9.999706366201921437e-01 5.406966149780020880e-03 -4.878639030616527816e-01 5.871902055518084251e-02 -5.078840796477240328e-03 9.982616300355353633e-01 4.071612942778995148e+01
9.981899160755657308e-01 5.904132880677315232e-03 -5.985008487867556765e-02 -2.359108687266565862e+00 -5.579005879682303291e-03 9.999687680291993175e-01 5.598004962280698875e-03 -5.170026823483152567e-01 5.988126700773626493e-02 -5.253968128051803889e-03 9.981916798293086757e-01 4.173973142378304146e+01
9.982101940736052281e-01 5.444361474685982354e-03 -5.955474267990680526e-02 -2.437882169914860953e+00 -5.202619764232203035e-03 9.999775895104759948e-01 4.213457535705456003e-03 -5.230786879309531345e-01 5.957634761485250396e-02 -3.896075583117000578e-03 9.982161486371197157e-01 4.274916381368522167e+01
9.982222014918006314e-01 7.582722119312263268e-03 -5.911800719007955646e-02 -2.509406302920506704e+00 -7.432487367488394524e-03 9.999685677091434410e-01 2.760747227532667648e-03 -5.439395662555679412e-01 5.913708295475079285e-02 -2.316445333598483782e-03 9.982471835675865712e-01 4.375432026051094425e+01
9.981787027349656727e-01 7.928233914112469555e-03 -5.980318146508725036e-02 -2.573164904866278135e+00 -7.767859968920447569e-03 9.999655847526199848e-01 2.913702430286183205e-03 -5.659258119242516205e-01 5.982422383822649098e-02 -2.443852972701850319e-03 9.982059355788268640e-01 4.475570763234330229e+01
9.981692960057392261e-01 4.885074560740113730e-03 -6.028426459653298680e-02 -2.646696901479162811e+00 -4.651583011243480906e-03 9.999811295057275951e-01 4.012905174161914695e-03 -5.649610011882313376e-01 6.030273034364420914e-02 -3.725141471588253213e-03 9.981731833875912008e-01 4.575470075623373134e+01
9.981499308428259942e-01 7.122173273198194841e-03 -6.038203546030868757e-02 -2.711476327174127121e+00 -6.811413901717564869e-03 9.999624859462262760e-01 5.350826188607609932e-03 -5.952726370860889071e-01 6.041787979665353553e-02 -4.929639754362117460e-03 9.981609982626894473e-01 4.674976182367925759e+01
9.981559042458341136e-01 1.107272485864684540e-02 -5.968404798090325841e-02 -2.780612406846114215e+00 -1.096585478238037113e-02 9.999376304357812106e-01 2.117844981372212464e-03 -6.213943161031830753e-01 5.970377582761185464e-02 -1.459452869450709317e-03 9.982150715899092974e-01 4.773603302057031783e+01
9.981676381354454008e-01 1.203437317353210807e-02 -5.930042193296402447e-02 -2.874032183576480826e+00 -1.218359542878282194e-02 9.999234541042351099e-01 -2.155443036059317367e-03 -6.291275315110856914e-01 5.926994332319767550e-02 2.873985834026283707e-03 9.982378544334462589e-01 4.871208278903660727e+01
9.979940126348860741e-01 1.162654199098392231e-02 -6.223161789838962954e-02 -2.904107077756882038e+00 -1.187342369771505340e-02 9.999230322915694247e-01 -3.598791814711887419e-03 -6.349363827726981491e-01 6.218498656921724738e-02 4.330475050503923388e-03 9.980552461819047760e-01 4.969609317279892480e+01
9.979461978132706523e-01 1.027148215081273228e-02 -6.322881403650074117e-02 -2.954843773094827597e+00 -1.032683519317569194e-02 9.999465262773498120e-01 -5.486900328561529179e-04 -6.486382615771867366e-01 6.321979709655639601e-02 1.200516674081857820e-03 9.979989058184305373e-01 5.067825258190134008e+01
9.979349247156753533e-01 7.915025429586487055e-03 -6.374353618342722128e-02 -3.008700553901764607e+00 -7.788162132714290461e-03 9.999671664026675844e-01 2.238447500498305306e-03 -6.564654026076999216e-01 6.375916062271655416e-02 -1.737379943180512908e-03 9.979638024235241156e-01 5.165588490506245734e+01
9.979355919998427193e-01 6.009314968842350939e-03 -6.394092862579078829e-02 -3.077314149972948165e+00 -5.871024454806696505e-03 9.999800030070640222e-01 2.350459070395171518e-03 -6.627964650464160945e-01 6.395377464836779491e-02 -1.970208008260954623e-03 9.979509171239983045e-01 5.262603860139751077e+01
9.978809791864570178e-01 2.746004961174331772e-03 -6.500777518597998517e-02 -3.130567014032659579e+00 -2.703245192076250258e-03 9.999960681803339302e-01 7.457139547821426242e-04 -6.685842906604090308e-01 6.500956732135021454e-02 -5.684018156717465711e-04 9.978844788231080454e-01 5.358997881312130573e+01
9.979338004067773715e-01 1.013092819512022204e-03 -6.424253768824639277e-02 -3.211171736500268103e+00 -1.051651857305498095e-03 9.999992866106441891e-01 -5.663978914133908612e-04 -6.880038134807331396e-01 6.424191804466677924e-02 6.327883843985899039e-04 9.979341539123721683e-01 5.455226348984194118e+01
9.979044035308454186e-01 -4.093585680161729626e-04 -6.470420264025560086e-02 -3.283653848584294099e+00 4.752469549541976646e-04 9.999993841523105997e-01 1.002913420604553598e-03 -7.046036829162128923e-01 6.470375224111994672e-02 -1.031562194058809794e-03 9.979039835201374276e-01 5.551039184110786806e+01
9.978203756496760723e-01 -2.966483200759320420e-03 -6.592190770722532178e-02 -3.347282518060726630e+00 3.317673118804014085e-03 9.999808798196980764e-01 5.218528537546641803e-03 -7.211467656347514410e-01 6.590516659122452880e-02 -5.425861446813702929e-03 9.978111389657574604e-01 5.647248267790179455e+01
9.977946766270943124e-01 -3.320133524120123455e-03 -6.629298611478419423e-02 -3.409477382033898163e+00 4.025969058532082728e-03 9.999365958198886961e-01 1.051645916029862564e-02 -7.367558745457349900e-01 6.625386681373904296e-02 -1.076016047800788279e-02 9.977447790285418616e-01 5.743438092318055510e+01
9.978170399717832817e-01 -4.000586249508692230e-04 -6.603782775838099028e-02 -3.479654179006443027e+00 1.266063373602343721e-03 9.999137504890569517e-01 1.307243919244061026e-02 -7.565652502933420953e-01 6.602690228598473432e-02 -1.312751065520923431e-02 9.977314852396477196e-01 5.838592882274272000e+01
9.977283772301743792e-01 5.816345914589794849e-04 -6.736280109115949655e-02 -3.554134759211825312e+00 2.324192623675354515e-05 9.999596944032758117e-01 8.978253099317179756e-03 -7.598199096626336857e-01 6.736530805583783310e-02 -8.959423536397448373e-03 9.976881496742540101e-01 5.932661452363630872e+01
9.976154773634935413e-01 3.320377956357518142e-03 -6.893717730686516054e-02 -3.619393506241596725e+00 -3.225263483155630870e-03 9.999936873012023053e-01 1.490983971978122533e-03 -7.755961387248692107e-01 6.894169275754259696e-02 -1.265088126346487242e-03 9.976198888112428609e-01 6.025151231117700945e+01
9.975044177323896255e-01 5.221318144729313569e-03 -7.041075515288902631e-02 -3.684038516124941154e+00 -5.475896125373441725e-03 9.999791483417570515e-01 -3.423075125326804739e-03 -7.830831639665684074e-01 7.039141400762322087e-02 3.800094541069875057e-03 9.975122095069742789e-01 6.116675845099416620e+01
9.973829574136804377e-01 1.000590731416398788e-02 -7.160389709759605592e-02 -3.782741135496574536e+00 -1.025841150672902706e-02 9.999423895542061125e-01 -3.159519896800210437e-03 -7.892959227062359417e-01 7.156815810191895222e-02 3.885793540590787212e-03 9.974281424516043826e-01 6.207520375835120063e+01
9.973251924803702151e-01 1.309170566462592583e-02 -7.191013618945284180e-02 -3.873910144764624697e+00 -1.318687904257248231e-02 9.999126889886544856e-01 -8.488937446463453232e-04 -8.061131241504191358e-01 7.189274417569059550e-02 1.794893385140172021e-03 9.974107537482359565e-01 6.297203818612182857e+01
9.971826012887043955e-01 1.621677986273983157e-02 -7.323848536103599871e-02 -3.930639937470615575e+00 -1.621411599841420664e-02 9.998683435001225472e-01 6.309585614392146033e-04 -8.236202114920345707e-01 7.323907515449029626e-02 5.583163975907971983e-04 9.973142564674961630e-01 6.385600775162583886e+01
9.971183160940428891e-01 1.613491245836612409e-02 -7.412643462182375020e-02 -4.018340034652600146e+00 -1.616365232578896582e-02 9.998693371186221368e-01 2.122108701224212747e-04 -8.265042507645825598e-01 7.412017305210179263e-02 9.865545719043001226e-04 9.972488288570726667e-01 6.472338083806081954e+01
9.968981073572515950e-01 1.717964712540983457e-02 -7.680509925896007728e-02 -4.083076278200253206e+00 -1.715914520481598080e-02 9.998523413900238799e-01 9.269049155644039015e-04 -8.319480557332569193e-01 7.680968222413249447e-02 3.938800946286091374e-04 9.970456948280246312e-01 6.557900293159498517e+01
9.968246133313133361e-01 1.726207154547373945e-02 -7.773487726136911469e-02 -4.153487336611735081e+00 -1.716126564752248548e-02 9.998508043680802704e-01 1.964679585421602245e-03 -8.419688932346724997e-01 7.775719399680128263e-02 -6.244120892977967751e-04 9.969721304486329760e-01 6.642216380718585356e+01
9.965439326389560204e-01 1.681294320402940828e-02 -8.134811160257619800e-02 -4.185662237524812035e+00 -1.665621801926572138e-02 9.998578824432537981e-01 2.604864177311554032e-03 -8.612058142104137559e-01 8.138034604117659609e-02 -1.240909708940224777e-03 9.966823462976116543e-01 6.725309332655713490e+01
9.964258419826059754e-01 1.680652605675159172e-02 -8.278334440672402428e-02 -4.248142746511684997e+00 -1.653872661611777151e-02 9.998555429087609969e-01 3.919673014197080398e-03 -8.748744113255312316e-01 8.283726185223501404e-02 -2.536532381957077708e-03 9.965598597436579054e-01 6.807020543222542130e+01
9.962693326688193407e-01 1.966651263495060309e-02 -8.402764464393973343e-02 -4.314069229054609877e+00 -1.917248957492159386e-02 9.997938602261751129e-01 6.682267394904694430e-03 -8.851668295926620189e-01 8.414174010042979601e-02 -5.046318937295145302e-03 9.964410179423839331e-01 6.887500024363745865e+01
9.961444400692971435e-01 2.186870904944731436e-02 -8.495889643551511605e-02 -4.388804755196994201e+00 -2.102029159488254598e-02 9.997199770586341350e-01 1.086806381761591146e-02 -8.952863343478747460e-01 8.517277652099831953e-02 -9.040300569582413598e-03 9.963251834141879648e-01 6.966845364416752773e+01
9.959668221423946255e-01 2.484171430159831662e-02 -8.621472276902966692e-02 -4.469086690453081268e+00 -2.384548268034818869e-02 9.996366775788566583e-01 1.256605725120610306e-02 -8.966840827228999000e-01 8.649556143134694286e-02 -1.045954442876318585e-02 9.961973277333254773e-01 7.044371626381392559e+01
9.958371766174035633e-01 2.773976698300509303e-02 -8.682639572393775762e-02 -4.554746923659864777e+00 -2.713492584232602561e-02 9.995986470495850096e-01 8.138833833235818715e-03 -8.950670223684767945e-01 8.701731704788734367e-02 -5.748925496322263885e-03 9.961902109484035428e-01 7.119548948971903712e+01
9.956616419186965494e-01 2.814755443698460646e-02 -8.868827425869361958e-02 -4.618633545371147342e+00 -2.817755261333273684e-02 9.996025161020509753e-01 9.139645321021705590e-04 -9.109742848222278644e-01 8.867874796415965710e-02 1.589019087421731855e-03 9.960590116443143183e-01 7.192652711118084596e+01
9.954839299316848855e-01 2.770958509183902435e-02 -9.079605796403830698e-02 -4.660470049275998505e+00 -2.826249559919577492e-02 9.995889665571123794e-01 -4.809290985536074543e-03 -9.290646910052428042e-01 9.062547428993751597e-02 7.353695079099441777e-03 9.958578947713407903e-01 7.264107200300720990e+01
9.953329258722739548e-01 2.869771706368336867e-02 -9.213472586312698720e-02 -4.712567805027945589e+00 -2.939017783294808200e-02 9.995489882092448708e-01 -6.167464374951436325e-03 -9.424073941689946610e-01 9.191617986779195004e-02 8.846536339240670607e-03 9.957274499948817192e-01 7.333729074823021676e+01
9.951547023707915107e-01 3.140894724109116048e-02 -9.316971816266229889e-02 -4.782639141154248819e+00 -3.184535057958005205e-02 9.994876838254683760e-01 -3.200551149057419449e-03 -9.433854744543900273e-01 9.302145986688779844e-02 6.152065864453386441e-03 9.956450974568356038e-01 7.401368281931358695e+01
9.951076351018179889e-01 3.217919225028097879e-02 -9.340928298723116807e-02 -4.857971932351071054e+00 -3.239865060538082986e-02 9.994746783758511333e-01 -8.335013092727136140e-04 -9.618274323222142375e-01 9.333339167210975840e-02 3.855758239527072584e-03 9.956274459492254758e-01 7.466894750748889464e+01
9.949934810791373208e-01 2.912112168526491407e-02 -9.560299619685472261e-02 -4.888418547359578703e+00 -2.958926800254053566e-02 9.995560752724022002e-01 -3.482471119362917991e-03 -9.875941439836519731e-01 9.545914219757815899e-02 6.293858738127038055e-03 9.954134515431695140e-01 7.530161420195105393e+01
9.951998080731796481e-01 2.100136030078376959e-02 -9.558391536564296576e-02 -4.936206563942897141e+00 -2.188972303451762469e-02 9.997263108691392119e-01 -8.254900450297827583e-03 -1.012040052500295939e+00 9.538439094831854814e-02 1.030758077770825912e-02 9.953871466630098697e-01 7.591347142434598538e+01
9.953027184523958182e-01 1.729540157520411542e-02 -9.525422681239262279e-02 -4.978168372626504912e+00 -1.866649217691964888e-02 9.997343268944623995e-01 -1.352174909823629367e-02 -1.017197903791603020e+00 9.499505624548675031e-02 1.523629591531777162e-02 9.953611377664371984e-01 7.650873112347825611e+01
9.954957286013459417e-01 1.980567733947050796e-02 -9.271455916738567671e-02 -5.005210142851214350e+00 -2.114354553203659504e-02 9.996857066204496434e-01 -1.346990946881523009e-02 -1.034919823912335168e+00 9.241863891452026247e-02 1.536955184409058602e-02 9.956016131250983170e-01 7.709225098324942849e+01
9.959193043755788510e-01 2.494518359439039726e-02 -8.673221424307794858e-02 -5.106200676757132406e+00 -2.589065725429721618e-02 9.996168107460186025e-01 -9.793137438503211542e-03 -1.063770567649727550e+00 8.645468777923748238e-02 1.199872865728218545e-02 9.961835259989004765e-01 7.765513042334667659e+01
9.963370252557701701e-01 2.387852183007466503e-02 -8.211180365632635147e-02 -5.148041940326536725e+00 -2.454769430964585247e-02 9.996730940179269220e-01 -7.149531501864023197e-03 -1.071404459538192411e+00 8.191424057247023716e-02 9.138998403908612025e-03 9.965974793765068895e-01 7.821052574120554368e+01
9.968530353995691540e-01 2.004243663711952061e-02 -7.669632682412859392e-02 -5.173678799378788717e+00 -2.031159617628545272e-02 9.997899685946082249e-01 -2.730889663543620456e-03 -1.088716074686424840e+00 7.662548450377280884e-02 4.280120469100700230e-03 9.970507588349403205e-01 7.875372531582695501e+01
9.975468692318359976e-01 1.515632210129645198e-02 -6.834127293316287488e-02 -5.194366484518305960e+00 -1.516212830379510407e-02 9.998849542340317864e-01 4.337760916015206145e-04 -1.102052466855643065e+00 6.833998500923521568e-02 6.034871665324041765e-04 9.976619077884928410e-01 7.928513545291646381e+01
9.982242014170378264e-01 1.899772233336848373e-02 -5.645821686399457584e-02 -5.237520248039692738e+00 -1.902175600268505087e-02 9.998190637891516408e-01 1.117244308162017671e-04 -1.107085253398110147e+00 5.645012403787841998e-02 9.624083948031261640e-04 9.984049565512921331e-01 7.979593362527180034e+01
9.987926207251752730e-01 2.431418657153480017e-02 -4.268631064289217514e-02 -5.251114411199545806e+00 -2.436587795177165214e-02 9.997028690993071676e-01 -6.910182655060408217e-04 -1.115715810426244570e+00 4.265682567393165592e-02 1.730273379709691478e-03 9.990882850766759082e-01 8.029769878123458682e+01
9.993034872603085983e-01 2.950619117260736002e-02 -2.284567862579118397e-02 -5.274303144052618464e+00 -2.951827859873124016e-02 9.995642222366898366e-01 -1.919711421923576153e-04 -1.122984984995460067e+00 2.283005864983701436e-02 8.662025382991761198e-04 9.997389849931860306e-01 8.078519030626836184e+01
9.996113798849604049e-01 2.778301040676795994e-02 -2.278933352339187687e-03 -5.232668336609446413e+00 -2.778124292486305880e-02 9.996137037688422877e-01 8.036038056242725443e-04 -1.144951881878045308e+00 2.300379541868448514e-03 -7.399799079502465465e-04 9.999970803375864969e-01 8.125748651784698495e+01
9.994109569754917599e-01 2.377987066224277954e-02 2.474382405004918115e-02 -5.211090924245104006e+00 -2.383126520236742221e-02 9.997144029006861388e-01 1.784217410667489649e-03 -1.158229950912607276e+00 -2.469432882641585392e-02 -2.372843062905519683e-03 9.996922325093908768e-01 8.171706766866627447e+01
9.982343987677748665e-01 2.311333021008133218e-02 5.471616839052029224e-02 -5.179682654350068916e+00 -2.328417725253137394e-02 9.997257935846921573e-01 2.486911964568482014e-03 -1.159026828890445948e+00 -5.464368404868646251e-02 -3.756542033124189023e-03 9.984988513691636092e-01 8.217101297886088673e+01
9.959593142767525498e-01 2.303425533884652723e-02 8.680130981941736046e-02 -5.113333893011364317e+00 -2.341104007714723753e-02 9.997203941535361960e-01 3.325164055217064239e-03 -1.164277355021375859e+00 -8.670044698782025661e-02 -5.343837055223434052e-03 9.962200941045297187e-01 8.261624063993122036e+01
9.917739662874067719e-01 2.363268355733514833e-02 1.258010177320732781e-01 -5.056199754355273690e+00 -2.422522364753370433e-02 9.997014616642568852e-01 3.182151090786407288e-03 -1.168067693300666843e+00 -1.256882585358452820e-01 -6.203532398282363136e-03 9.920503907826501155e-01 8.305020146376760692e+01
9.861242271795058745e-01 2.405585598252487495e-02 1.642568852820820990e-01 -4.911763588652011236e+00 -2.483193536158264172e-02 9.996880669918408735e-01 2.672770155447447976e-03 -1.175053455116913392e+00 -1.641413523638121930e-01 -6.714499761989135493e-03 9.864139759437333677e-01 8.346439104776361262e+01
9.776597434596785430e-01 2.418696770732464002e-02 2.087975493426129647e-01 -4.785637726692169913e+00 -2.501724038841934838e-02 9.996861270125402266e-01 1.336092064191780242e-03 -1.171316646608822953e+00 -2.086996974164170571e-01 -6.529781909133754517e-03 9.779579736606854867e-01 8.387742195946401580e+01
9.663394911363947237e-01 2.686776573358969772e-02 2.558634617031879666e-01 -4.633507248752618324e+00 -2.740775080607734185e-02 9.996232771542272744e-01 -1.455667264116179346e-03 -1.178125472315034727e+00 -2.558061826188056109e-01 -5.605973235471593819e-03 9.667118340012582633e-01 8.426148142574025712e+01
9.517742232639324618e-01 2.750499606884587375e-02 3.055639100443491296e-01 -4.440525704492618964e+00 -2.744321357761334360e-02 9.996132414458722693e-01 -4.498616965059926490e-03 -1.200261037255391461e+00 -3.055694650302476223e-01 -4.103987977276032581e-03 9.521609419230603333e-01 8.463007174243998065e+01
9.328917073684538375e-01 2.814228306607230445e-02 3.590558093486306279e-01 -4.245394640297193156e+00 -2.715913113029969767e-02 9.996008238047294769e-01 -7.782971485330190606e-03 -1.202301201211913639e+00 -3.591315134034024359e-01 -2.490974251845821507e-03 9.332836391622094663e-01 8.497574106428093899e+01
9.087982736099757819e-01 2.941452143886951962e-02 4.161976499357605830e-01 -4.049674808947852256e+00 -2.738624848688138089e-02 9.995661080638975626e-01 -1.084384635611606966e-02 -1.206320933018538710e+00 -4.163360316827529051e-01 -1.543223413067454190e-03 9.092095067607651737e-01 8.532825122664054618e+01
8.805503581645860445e-01 2.961930785268062499e-02 4.730261761663376308e-01 -3.817287795450499566e+00 -2.627878897743469999e-02 9.995611748026766996e-01 -1.367051853295416994e-02 -1.216530618425988086e+00 -4.732235116581784418e-01 -3.929750737905405157e-04 8.809423100206345003e-01 8.564979834909642875e+01
8.477994436869670247e-01 2.741527265571788718e-02 5.296078795762785285e-01 -3.576503292527682287e+00 -2.219929024818375479e-02 9.996221599412752346e-01 -1.620891319007009002e-02 -1.232844405691971845e+00 -5.298521442785203428e-01 1.984988548870642976e-03 8.480877106902997564e-01 8.594149399499683284e+01
8.105498972481026687e-01 2.604427474084541547e-02 5.850902151158517972e-01 -3.329708769639738719e+00 -1.987149574812413499e-02 9.996585257938895852e-01 -1.696925055228888299e-02 -1.260040256441580686e+00 -5.853323737226759915e-01 2.127806569589266693e-03 8.107906540602072276e-01 8.623872100684386055e+01
7.696483942407458256e-01 2.449693451527654164e-02 6.379978443866374249e-01 -3.074067916765332420e+00 -1.878697810570308449e-02 9.996998985833146500e-01 -1.572139389980768340e-02 -1.282841976826860853e+00 -6.381915062865513022e-01 1.138940362334594472e-04 7.698776450396842552e-01 8.651017442821503778e+01
7.254074577109425048e-01 2.426006444814886309e-02 6.878920479045524949e-01 -2.795052996961323810e+00 -2.014257595925868227e-02 9.996988751796721528e-01 -1.401554844486316807e-02 -1.297106022101383482e+00 -6.880249246437752930e-01 -3.688934460876913072e-03 7.256776797115023214e-01 8.677966298662740030e+01
6.805784452318264233e-01 2.280639561452284247e-02 7.323201814813683486e-01 -2.481182133718112581e+00 -1.859917091505158132e-02 9.997310987282633787e-01 -1.384922657908013201e-02 -1.313485542268043371e+00 -7.324391105935718072e-01 -4.195063127062103638e-03 6.808196168723816832e-01 8.699949029966668945e+01
6.345813546506186009e-01 2.133675207421898562e-02 7.725614845050908785e-01 -2.165122346485817584e+00 -1.417059960125267512e-02 9.997720158342811025e-01 -1.597217773459918763e-02 -1.322023596669487100e+00 -7.727261471159927453e-01 -8.120132807302311547e-04 6.347390347203363259e-01 8.720305141669966531e+01
5.869239543703401729e-01 1.904091308976902860e-02 8.094181338560378913e-01 -1.837726507934602793e+00 -7.378986803092318913e-03 9.998076998482936517e-01 -1.816903623781278981e-02 -1.323747695788096257e+00 -8.096084376660374060e-01 4.691156867886321115e-03 5.869515914512862809e-01 8.739661645641132282e+01
5.389388502758571953e-01 2.112771649355201994e-02 8.420798865066814187e-01 -1.516118005976944128e+00 -9.025790279932902060e-03 9.997728494358828488e-01 -1.930763166898468233e-02 -1.340223870970115527e+00 -8.422965337534991104e-01 2.805196358671919674e-03 5.390071243501600717e-01 8.758083034884325002e+01
4.912773704638288552e-01 2.403149943365542537e-02 8.706715984256729879e-01 -1.177434653008057053e+00 -1.242253931745935201e-02 9.997109541839079849e-01 -2.058369747138615730e-02 -1.354457584875691234e+00 -8.709145915570893903e-01 -7.036473958739462072e-04 4.914339010419303544e-01 8.775316291994982976e+01
4.456784186805489156e-01 2.638519986180235671e-02 8.948042067126519283e-01 -8.267922769463811328e-01 -1.232664168046931560e-02 9.996516521131354471e-01 -2.333727345572937997e-02 -1.365173708426538290e+00 -8.951082621824504315e-01 -6.290117002599103458e-04 4.458484084495468180e-01 8.790215789179191574e+01
4.040951982227590222e-01 2.312457516340266778e-02 9.144245867193320221e-01 -4.640503819120920803e-01 -4.672702406601633371e-03 9.997195372439570127e-01 -2.321664715102630255e-02 -1.386438143089788522e+00 -9.147049997816386613e-01 5.108901665541146393e-03 4.040899188277816134e-01 8.800066039734480228e+01
3.645117228343797700e-01 1.635329699033913689e-02 9.310551936345436985e-01 -8.867667111367702470e-02 1.105003961591265182e-02 9.996994239964627216e-01 -2.188511561803823530e-02 -1.387631255527189911e+00 -9.311332345807435962e-01 1.826557797262219618e-02 3.642214547778956923e-01 8.810045655105854223e+01
3.291110320396723465e-01 1.217679138071367344e-02 9.442127166806493221e-01 2.848777669413333768e-01 1.536512662319172891e-02 9.997154180054783623e-01 -1.824817486687108081e-02 -1.402862717772384693e+00 -9.441662149609222343e-01 2.051362361430070225e-02 3.288302750243284334e-01 8.819486505269807708e+01
2.953451297619830718e-01 1.704418812469166503e-02 9.552385827514755512e-01 6.571166856792822752e-01 1.306984190561028512e-02 9.996752121293507320e-01 -2.187805948175290324e-02 -1.407384108246934495e+00 -9.553012266078375614e-01 1.894639557527810075e-02 2.950264404019835029e-01 8.829575100919123543e+01
2.646853827801108339e-01 2.455115168872958747e-02 9.640222451236813983e-01 1.032496760570567051e+00 2.576368544695432309e-03 9.996542920295774515e-01 -2.616598463565972602e-02 -1.426766483180249345e+00 -9.643313800077583098e-01 9.409430247829773941e-03 2.645306261186839425e-01 8.839431409738126888e+01
2.355107134035363536e-01 2.863086824448195927e-02 9.714499355374545120e-01 1.414562746930960069e+00 -1.431002612954312319e-03 9.995751065170953575e-01 -2.911286078087619786e-02 -1.452392827396536079e+00 -9.718706992721196647e-01 5.466243215611564163e-03 2.354516172835271759e-01 8.848562347062174638e+01
2.102137278265698572e-01 2.976626931223069067e-02 9.772022092916532454e-01 1.813547804419817666e+00 -2.038568775318691723e-04 9.995377081188251411e-01 -3.040277110605289421e-02 -1.479490517454660647e+00 -9.776554337166186714e-01 6.191870459355876613e-03 2.101226157856039556e-01 8.854423254681415756e+01
1.861953914369955387e-01 3.114077379771086965e-02 9.820191079683243673e-01 2.220941668976560646e+00 7.097801343429132291e-03 9.994288719659309983e-01 -3.303863037389925816e-02 -1.495449272717806144e+00 -9.824870978408383193e-01 1.312181725881847449e-02 1.858680190030364832e-01 8.859891634926033532e+01
1.660522558365662149e-01 3.722853576206543169e-02 9.854139660348839591e-01 2.642799915150663370e+00 1.419119887800665732e-02 9.990934166125665650e-01 -4.013670085869408544e-02 -1.500706591956953551e+00 -9.860148367068276576e-01 2.064899528858744546e-02 1.653733980650453628e-01 8.864269699971607963e+01
1.459791401414680945e-01 4.394149342358572019e-02 9.883113051054620568e-01 3.070105263068582779e+00 1.553138890319505014e-02 9.987881442517028141e-01 -4.670137964733247354e-02 -1.511261283659327326e+00 -9.891657427359150656e-01 2.216727448135263900e-02 1.451197620580100267e-01 8.868556314730146539e+01
1.289090542722703958e-01 4.494366902459762808e-02 9.906374323339671717e-01 3.517138793911485983e+00 1.326230866785294178e-02 9.988049604201184595e-01 -4.704000647269731411e-02 -1.531190036683832023e+00 -9.915677318748463698e-01 1.920202215289674996e-02 1.281589460389424839e-01 8.873661835536113074e+01
1.134823520269781227e-01 4.095497332358094544e-02 9.926955454410425483e-01 3.981448019980150743e+00 1.256798321754459477e-02 9.990109260542376912e-01 -4.265226162918498570e-02 -1.556306052180755461e+00 -9.934605183781936022e-01 1.731645992418145638e-02 1.128553881718811214e-01 8.879317531352788251e+01
9.839675744586900974e-02 3.853761099829047798e-02 9.944007897536497609e-01 4.453605327481711562e+00 1.377291239834049774e-02 9.991014413787622228e-01 -4.008262365332725119e-02 -1.573540872177666250e+00 -9.950519509092007331e-01 1.763979516352621665e-02 9.777756705084576783e-02 8.884671825122792654e+01
8.498341083514016070e-02 3.613462151825052454e-02 9.957269249199591776e-01 4.939514895778865267e+00 1.607780643720890801e-02 9.991623362614696635e-01 -3.763150191895294622e-02 -1.596092483851859534e+00 -9.962526406604870211e-01 1.920715815110028354e-02 8.433125786305700755e-02 8.888389230682010123e+01
7.307270554895588244e-02 3.560585967677864366e-02 9.966908259136493253e-01 5.436274480251545249e+00 2.067130670203699144e-02 9.990937490859547188e-01 -3.720722532772904184e-02 -1.614745904388742659e+00 -9.971123691856328408e-01 2.332173437023270929e-02 7.227046369699421935e-02 8.891744282664920718e+01
